0.314732 15
0.070209 22
0.000443 1
10.780776 1
0.803841 1
0.263592 2
0.529662 123
0.048122 1
25.212782 1
0.000280 1
0.000569 1
0.000602 1
0.000419 2
0.000431 1
0.000346 1
0.000444 2
0.001075 1
0.000329 1
0.000361 2
0.001058 1
0.000281 1
0.000445 1
0.000408 1
0.000384 1
0.000294 1
0.000441 1
0.000309 1
0.000438 2
0.000534 1
0.000131 1
0.000591 1
0.000277 2
0.001104 93
0.191664 1
7.971302 1
0.113702 1
0.605869 1
0.192680 1
0.178568 1
0.096874 3
0.185271 1
0.406417 1
0.233349 1
0.781974 3
0.157512 4
0.498552 2
0.300539 521
0.002871 1
4.873351 1
0.279907 1
0.208196 1
0.372166 1
0.186156 1
1.106387 1
1.348950 1
0.137622 1
1.262928 4
2.497591 1
0.288760 1
0.118476 1
0.274438 3
0.368380 3
0.512046 3
11.051253 3
0.000289 3
0.000152 3
0.000468 3
0.000667 3
0.000432 3
0.000293 3
0.000572 3
0.000273 3
0.003060 3
2.705415 3
18.502265 3
0.000418 3
0.000342 3
0.000318 3
0.000474 6
0.000648 3
0.000397 3
0.057582 3
0.000372 3
0.000406 3
0.000365 3
0.000406 3
0.000373 3
0.000394 3
0.000338 7
1.500877 7
0.172240 7
0.134342 7
0.135814 7
0.138689 7
0.138670 7
0.384691 7
0.475246 2
1.173265 87
0.003334 30
22.044889 1
0.746653 1
0.623830 1
0.422178 3
0.331981 1
0.722672 1
0.191836 4
0.184017 4
0.405893 2
0.345061 87
0.003167 41
11.819198 1
0.271785 1
0.520838 1
0.031845 1
0.031991 1
0.032993 1
0.033158 1
0.031452 1
0.035463 1
0.036604 1
0.035674 1
0.032153 1
0.031706 1
0.031819 1
0.034933 1
0.031759 1
0.032071 1
0.032712 1
0.033147 1
0.033604 1
0.035058 1
0.029797 1
0.033597 1
0.032182 1
0.032008 1
0.032498 1
0.032342 1
0.032232 1
0.033488 1
0.032227 1
0.034774 1
0.030043 1
0.032513 1
0.032286 3
0.406092 5
0.300018 2
0.329810 83
0.001855 31
0.027626 40
6.019666 168
47.649045 14
0.268026 11
0.591577 1
0.254814 1
0.528201 1
0.031727 1
0.031998 1
0.033618 1
0.033466 1
0.820053 1
0.203928 1
0.209962 1
0.178776 1
0.165908 1
0.156658 5
1.207517 5
0.265352 2
0.697166 29
0.002635 1
2.559308 1
0.085066 1
0.289620 1
0.212736 1
0.202787 1
0.093226 3
0.203349 1
0.868734 1
0.136306 4
0.211451 4
0.839856 2
0.356210 517
0.001487 1
44.808179 1
0.159265 1
0.584748 1
0.180117 1
0.230165 1
0.333316 3
0.210420 1
1.656599 1
0.490274 1
0.205082 1
0.609966 4
0.232921 1
0.351626 5
0.148463 1
0.938996 1
0.674102 3
0.205448 1
1.074899 1
0.395492 1
0.405255 1
0.465587 1
0.273270 1
2.209278 1
0.181996 1
0.884813 1
0.909362 1
0.185860 1
1.586420 1
0.282124 1
0.271713 1
0.385187 1
0.207149 1
0.847372 1
0.103229 4
1.461590 1
1.527212 2
0.843406 266
0.003339 39
8.144976 78
0.239837 84
0.823226 4
2.231801 4
0.173368 4
0.259232 4
0.350016 4
0.537841 1
1.693108 1
0.184740 1
0.206313 1
0.503412 5
0.188005 1
0.832504 1
0.175180 3
0.215581 4
0.552932 2
0.330183 29
0.003230 50
0.719720 87
0.236434 2
0.853929 29
0.003091 39
6.366191 93
0.294432 87
1.020709 1
2.319198 1
0.528561 1
0.031892 1
0.032528 1
0.033177 1
0.032293 1
0.032909 1
0.032839 1
0.033119 1
0.030403 1
0.032186 1
0.032482 1
0.033584 1
0.030759 1
0.032055 1
0.031691 1
0.037049 1
0.030272 1
0.033543 3
0.245827 5
2.152911 5
0.555481 5
0.035411 5
0.033579 5
0.134541 5
0.147273 5
0.132494 5
0.126527 5
0.121553 5
0.143669 5
0.143409 5
0.654426 5
0.197173 5
0.218871 1
0.250819 5
1.115698 6
0.104080 5
1.353407 5
0.781532 5
0.981657 1
0.193757 5
0.600493 5
0.706805 5
0.170218 5
1.135725 5
0.243111 1
0.270306 5
1.053219 1
0.149492 5
0.738800 1
0.209252 5
1.218724 5
0.391917 5
0.394093 5
0.153785 1
0.202021 1
0.374100 1
0.272103 1
3.582663 1
0.157183 1
0.130565 1
0.116226 1
0.135912 1
0.133752 1
0.128711 1
0.116757 1
0.128211 1
0.114803 1
0.088823 1
0.241624 1
0.739806 5
0.435064 5
0.148082 5
0.864477 5
0.196341 5
0.948592 5
0.112251 5
0.100954 3
0.582621 3
0.599399 3
0.036256 3
0.036049 3
0.037002 3
0.034151 3
0.038531 3
0.035582 3
0.032984 3
0.036921 3
0.035836 3
0.125746 3
0.308566 5
0.152634 5
0.235792 2
1.120086 347
0.010980 42
1.713053 132
0.320789 93
1.525575 4
5.421444 4
0.558831 4
0.033333 4
0.032834 4
0.034663 4
0.034906 4
0.034158 4
0.033463 4
0.034561 4
0.033879 4
0.034726 4
0.034840 4
0.034184 4
0.034385 4
0.341691 4
0.237864 1
0.157431 1
0.238729 3
0.203280 1
0.957261 1
0.226172 3
0.178413 1
0.731706 1
0.236822 1
1.009382 4
0.295808 1
0.854991 4
0.383996 1
0.559825 1
0.110468 3
0.202972 4
0.361265 2
0.357029 29
0.012315 53
1.435747 90
0.912954 4
2.385449 4
0.184309 4
0.141386 4
0.135205 4
0.134302 4
0.133469 4
0.144066 4
0.124845 4
0.132153 1
0.640671 1
0.399999 1
0.236528 1
0.132535 2
0.116812 29
0.002937 37
1.088958 1
0.368287 1
0.132940 1
0.122929 1
0.478732 13
0.277418 2
0.280566 341
0.002978 1
15.365097 1
0.000337 1
0.000590 1
0.000294 1
0.000440 1
0.000342 1
0.000407 1
0.000318 1
0.000368 1
0.000110 1
0.000106 1
0.000383 1
0.000585 1
0.000319 1
0.000318 1
0.000280 2
0.000794 1
0.000264 1
0.000235 1
0.000345 1
0.000264 1
0.000397 11
0.004822 1
0.000487 1
0.000467 1
0.000324 1
0.000346 1
0.000419 1
0.001367 1
0.002055 1
0.000346 1
0.000401 1
0.000317 1
0.000476 1
0.000508 1
0.000407 2
0.000519 1
0.000311 1
0.000456 1
0.000299 2
0.000982 1
0.000361 1
0.000357 1
0.000482 1
0.000285 2
0.000552 3
0.027192 18
0.004568 14
0.007361 9
0.000830 1
0.000248 1
0.002483 3
0.001401 1
0.000208 4
0.001538 2
0.000766 1
0.000400 1
0.000583 2
0.000188 103
0.126406 94
0.431347 95
0.053422 92
0.009465 105
0.013862 98
0.045723 94
0.123644 95
0.024975 92
0.006510 105
0.016431 98
0.022623 32
0.103857 39
0.009218 32
0.017967 31
0.317772 36
1.857133 30
0.497871 44
0.065940 52
0.003587 33
0.002461 42
0.159182 24
1.578895 31
7.473559 44
0.080631 34
0.004728 53
0.004309 32
0.074599 34
0.014268 40
0.013576 36
0.017091 38
0.024535 49
0.016856 42
0.275221 39
0.025436 35
0.026825 36
0.333808 32
0.008400 34
0.080289 36
0.038648 32
0.062238 60
0.107917 65
0.335129 43
0.022463 47
0.853828 27
0.026654 32
0.127539 25
0.003975 30
0.214095 56
0.009640 46
0.015100 47
0.007212 29
0.007481 34
6.123326 92
5.082872 89
0.078960 103
0.099141 94
0.450061 95
0.050900 92
0.009658 105
0.011711 98
0.042085 94
0.141493 95
0.028198 92
0.007480 105
0.011611 98
0.016292 32
0.102987 39
0.013845 32
0.018290 31
0.319796 36
1.921934 30
0.521644 44
0.076726 52
0.003795 33
0.002971 42
0.179160 24
1.732233 31
8.020428 44
0.085869 34
0.004080 53
0.003429 32
0.064477 34
0.014184 40
0.014880 36
0.021677 38
0.022978 49
0.022822 42
0.303242 39
0.029317 35
0.026612 36
0.326229 32
0.006667 34
0.080025 36
0.032929 32
0.067315 60
0.098277 65
0.402968 43
0.020339 47
1.000024 27
0.022987 32
0.025536 25
0.004798 30
0.200935 56
0.004330 46
0.012812 47
0.005494 29
0.012991 34
6.387436 92
5.257834 29
0.094116 6
