0.576522 21
0.018740 28
0.000374 1
16.804595 1
0.000273 1
0.000374 1
0.000465 1
0.000645 1
0.000479 2
0.000702 1
0.000281 1
0.000128 1
0.000512 1
0.000334 1
0.000392 1
0.000851 2
0.000660 1
0.000253 1
0.000646 1
0.000419 1
0.000231 1
0.000437 1
0.000599 1
0.000611 2
0.000495 1
0.000417 1
0.000467 1
0.000443 1
0.000447 1
0.000478 1
0.000612 1
0.000363 1
0.000382 1
0.000555 1
0.000298 1
0.000651 1
0.000258 1
0.000067 2
2.947693 21
0.002960 20
0.000030 1
44.466652 1
0.105522 1
0.199277 1
0.764571 3
0.102171 1
5.846243 1
0.000250 1
0.000050 1
0.001070 1
0.000405 1
0.000660 1
0.000288 1
0.000208 1
0.000860 2
0.000430 1
0.000492 1
0.000374 1
0.000439 1
0.000268 1
0.000482 1
0.000451 1
0.000413 1
0.000501 1
0.000382 1
0.000276 1
0.000505 3
0.001253 1
0.000171 1
0.000310 1
0.000339 1
0.000394 1
0.000676 1
0.000344 1
0.000259 1
1.835433 1
1.785057 1
0.235239 1
0.170954 1
0.214478 1
0.319661 1
0.134552 1
1.996807 1
0.128440 1
0.256440 1
0.323244 1
0.247773 1
0.461344 1
2.043163 1
0.209089 1
0.432745 2
0.449189 41
0.001095 1
9.508883 1
0.143503 1
0.532090 1
1.154567 1
0.299330 1
0.349891 1
0.152212 4
0.722221 4
0.161355 4
1.601018 4
0.136252 4
0.132853 4
0.116290 54
0.595294 1
0.186101 1
0.532583 1
0.032080 1
0.032259 1
0.032053 1
0.032481 1
0.032284 1
0.032814 1
0.032248 1
0.033336 1
0.034756 1
0.030091 1
0.032319 1
0.032663 1
0.033149 1
0.032419 1
0.032568 1
0.031454 1
0.032520 1
0.032386 1
0.034452 1
0.034070 1
0.032422 1
0.031025 1
0.032707 1
0.032346 1
0.033712 1
0.031253 1
0.035200 1
0.035246 1
0.036159 1
0.032105 1
0.032285 1
0.031205 1
0.034502 1
0.031844 1
0.032739 1
0.032251 1
0.033127 1
0.033400 1
0.034860 1
0.030258 1
0.033643 1
0.032111 1
0.032814 1
0.032080 1
0.032234 1
0.032678 1
0.032046 127
0.537927 124
0.135327 121
0.136461 118
0.128125 115
0.146238 114
0.171181 117
0.757989 2
0.458386 15
0.014068 113
0.000481 2047
0.000088 2047
0.000026 2047
0.000192 2047
0.000221 2291
0.000092 64
1.401361 20
12.523210 19
0.000281 19
0.000160 19
0.000807 20
0.000413 19
0.000279 20
0.001107 19
0.000266 42
0.000983 19
0.000168 23
0.002572 19
0.001087 19
0.000156 19
0.000178 36
0.001347 19
0.000098 19
0.000256 19
0.000486 19
0.000615 20
0.000583 19
0.000087 19
0.000421 19
0.000325 19
0.000295 19
0.000655 33
0.000252 19
0.000065 33
0.000653 36
0.000422 19
0.000076 19
0.001565 19
0.000243 19
0.000296 19
0.000678 20
0.000490 19
0.000315 19
0.000685 19
0.000436 33
0.000476 19
0.000481 19
0.000852 20
0.000393 19
0.000320 19
0.000707 19
0.000330 19
0.000250 19
0.000282 60
0.002607 19
0.000449 20
0.000809 19
0.000204 19
0.000400 20
0.000449 19
0.000339 20
0.000703 19
0.000239 35
0.000223 19
0.000513 19
0.000288 19
0.000263 19
0.000214 19
0.000432 19
0.000567 20
0.000289 19
0.000349 20
0.001472 19
0.000133 19
0.000266 19
0.000495 19
0.000431 19
0.000062 19
0.000512 21
0.002030 19
0.000106 19
0.000273 19
0.000273 19
0.000395 19
0.000837 19
0.000289 19
0.000809 19
0.000365 19
0.000099 19
0.000919 19
0.000252 19
0.000387 19
0.000640 25
0.002854 19
0.000120 19
0.000102 19
0.000355 19
0.000319 35
0.000331 19
0.000537 17
1.429108 44
0.465669 1
0.274352 1
0.218474 57
0.447081 49
0.001020 41
0.000789 51
1.029345 217
0.298797 1
10.331267 1
0.142197 1
0.133200 11
0.511019 11
0.122917 11
0.128162 11
0.147740 11
0.133450 11
0.144099 11
0.156562 11
0.124658 11
0.142879 11
0.335338 11
0.212582 11
0.401726 7
0.435795 7
0.090255 7
0.169364 7
0.042294 2
0.958481 41
0.001351 46
0.908185 112
0.189529 4
0.530005 4
0.113000 4
0.132554 4
0.125421 4
0.128911 4
0.131902 4
0.128332 4
0.134555 4
0.129308 4
0.135768 4
0.137209 4
0.132653 4
0.143367 4
0.317192 4
0.638648 1
0.112476 7
0.216598 4
0.750194 2
0.359338 15
0.002446 98
0.000504 7
0.000018 2047
0.000187 2047
0.000110 2047
0.000027 2047
0.000034 2047
0.000060 244
0.000008 64
1.643679 20
25.163592 19
0.000525 19
0.000750 25
0.002367 42
0.000232 19
0.000591 19
0.000478 20
0.000698 19
0.000211 19
0.000567 19
0.001155 19
0.008735 66
0.000966 19
0.000373 19
0.000566 20
0.000438 20
0.000755 19
0.000352 19
0.000404 19
0.000393 19
0.000370 19
0.000227 19
0.000743 38
0.000663 43
0.002640 20
0.000293 19
0.000058 19
0.000430 19
0.001089 34
0.000244 19
0.000624 19
0.000388 20
0.000257 19
0.000479 19
0.000266 19
0.000094 19
0.000622 19
0.000925 20
0.000354 19
0.000239 19
0.000616 19
0.000310 20
0.000069 19
0.000315 19
0.000385 19
0.000411 19
0.000528 19
0.000304 20
0.001345 19
0.000239 19
0.000560 20
0.000374 20
0.001000 19
0.000624 19
0.000421 34
0.000589 19
0.000513 19
0.000796 19
0.000290 19
0.000275 19
0.000309 19
0.000452 24
0.002678 19
0.000151 19
0.000308 19
0.000138 19
0.000531 19
0.000614 19
0.000265 19
0.000225 19
0.000500 33
0.000466 19
0.000258 19
0.000445 19
0.000244 19
0.000120 19
0.000475 19
0.000460 19
0.000398 19
0.000641 19
0.000273 20
0.000541 19
0.000341 19
0.000988 19
0.000438 19
0.000446 19
0.000534 19
0.000733 19
0.000664 19
0.000785 20
0.000459 33
0.000427 19
0.000388 20
0.001015 19
0.000378 19
0.000548 19
0.000323 19
0.000661 20
0.000984 28
0.002872 19
0.000376 37
0.000996 19
0.000234 19
0.000331 35
0.000363 19
0.000463 19
0.000155 19
0.000271 19
0.000698 19
0.000337 35
0.000569 19
0.001397 19
0.000360 20
0.000520 19
0.001135 20
0.000452 19
0.000225 19
0.000393 19
0.000913 42
0.001780 19
0.000058 19
0.000468 19
0.000433 19
0.001627 19
0.000379 19
0.000380 19
0.000332 19
0.000276 19
0.000457 19
0.000063 35
0.000434 20
0.000611 19
0.000380 19
0.000660 19
0.000391 24
0.002753 19
0.000313 19
0.000412 35
0.001811 20
0.000537 19
0.000106 19
0.000387 19
0.001203 20
0.000276 19
0.000477 19
0.000372 19
0.000163 20
0.001510 19
0.000287 39
0.001512 20
0.000307 20
0.000955 19
0.000353 19
0.000720 19
0.000340 19
0.000602 20
0.000356 19
0.000552 19
0.000294 19
0.000360 36
0.000628 19
0.000371 19
0.000397 19
0.000055 19
0.000488 20
0.000627 19
0.000313 19
0.000351 25
0.003094 38
0.000976 19
0.000336 19
0.000042 19
0.000565 19
0.000335 19
0.000443 20
0.000349 19
0.000495 19
0.000387 19
0.000178 19
0.000402 19
0.000564 20
0.000386 109
0.009861 18
3.179822 44
0.892937 1
0.247656 1
0.192646 49
0.287001 49
0.001308 21
0.000578 20
0.000022 2
15.824665 1
0.000031 1
0.000507 1
0.000424 1
0.000613 1
0.000450 1
0.000392 1
0.000251 1
0.000350 1
0.000276 1
0.000407 1
0.000292 1
0.000692 1
0.000267 1
0.000274 1
0.000805 1
0.000527 1
0.000179 1
0.000387 1
0.000113 1
0.000841 1
0.000328 1
0.000418 2
0.001416 1
0.000209 1
0.000079 8
0.003289 1
0.000434 1
0.000425 1
0.000158 2
0.000489 1
0.000464 2
0.000511 1
0.001050 1
0.000012 1
0.000105 1
0.000098 1
0.000625 1
0.000012 1
0.000085 1
0.000530 2
0.000540 1
0.000457 1
0.000136 1
0.000409 1
0.000137 1
0.018981 1
0.000260 1
0.000529 1
0.000122 1
0.000566 1
0.000424 1
0.000583 1
0.000117 1
0.000314 1
0.001134 2
0.000609 2
0.000589 1
0.000562 2
0.000575 1
0.000388 1
0.000608 1
0.000104 1
0.000351 1
0.000110 1
0.000839 1
0.000571 1
0.000403 1
0.002459 1
0.000128 1
0.000012 1
0.000082 1
0.000048 1
0.000033 1
0.000103 1
0.000397 1
0.000091 1
0.000153 1
0.000360 1
0.000283 1
0.000273 1
0.000519 2
0.001162 1
0.000147 1
0.000347 1
0.000440 1
0.000370 1
0.000760 1
0.000634 1
0.000094 1
0.000609 1
0.000569 1
0.000337 1
0.000538 1
0.000565 1
0.000492 1
0.000084 1
0.000614 1
0.000460 1
0.000420 2
1.073422 273
0.016434 21
0.000330 20
0.000151 116
7.008717 4
0.614906 4
0.554124 4
0.034357 4
0.034461 4
0.035056 4
0.034420 4
0.034087 4
0.033918 4
0.034212 4
0.036162 4
0.033197 4
0.032787 4
0.037692 4
0.035399 4
0.034942 4
0.034736 4
0.034367 4
0.035163 4
0.032418 4
0.033473 4
0.034798 4
0.033631 4
0.034081 4
0.033503 4
0.035222 4
0.034225 4
0.032782 4
0.035144 4
0.033319 4
0.034433 4
0.034565 4
0.033414 4
0.033830 4
0.034483 4
0.036278 4
0.032209 4
0.034384 4
0.034587 4
0.038741 4
0.032935 4
0.033482 4
0.033414 4
0.034901 4
0.033385 4
0.034415 4
0.036797 4
0.035146 4
0.171974 4
0.154176 4
0.122281 4
0.124441 4
0.128898 4
0.135179 4
0.138435 4
0.963611 4
0.184222 4
0.159727 4
0.788264 2
1.141190 103
0.097809 93
1.055156 94
0.013750 95
0.075498 92
0.009899 105
0.012448 91
0.051738 98
0.007555 94
0.036949 95
0.033243 96
0.002558 57
0.474457 93
0.145596 94
0.011419 95
0.034272 92
0.006511 105
0.010009 91
0.014753 98
0.014648 94
0.031601 95
0.028386 96
0.003597 57
0.205136 32
0.119364 32
0.011003 39
0.011986 32
0.017840 35
0.437597 33
0.947056 31
0.018884 36
1.305676 30
0.497723 44
0.060939 52
0.003108 33
0.003462 42
0.192404 31
6.384758 44
0.143737 34
0.004229 53
0.002965 32
0.287174 34
0.012982 40
0.025351 36
0.030921 38
0.020451 49
0.027541 42
0.277420 39
0.032344 35
0.025243 36
0.307619 32
0.007709 34
0.072572 57
0.051186 41
0.006336 74
0.002460 102
0.010488 71
0.027670 172
0.010504 109
0.002119 111
0.002419 117
0.020172 115
0.002386 62
0.009678 111
0.002189 117
0.023492 115
0.003652 62
0.007009 111
0.002829 277
0.022491 115
0.003267 62
0.010101 111
0.005829 117
0.020552 115
0.001702 62
0.008756 111
0.002963 117
0.019787 115
0.001552 62
0.011855 72
0.006316 36
0.006548 32
0.078306 60
0.011537 65
0.127727 43
0.019362 47
1.228667 27
0.033701 32
0.031758 25
0.005131 30
0.317971 56
0.003942 46
0.014599 47
0.006239 29
0.009068 34
11.358092 92
6.317158 21
0.437805 20
0.000109 2
3.780758 1
0.000385 1
0.000316 1
0.000315 1
0.000320 4
0.001345 1
0.000458 1
0.000495 1
0.000333 1
0.000592 1
0.000354 1
0.000417 1
0.000282 1
0.000441 1
0.000454 1
0.000381 1
0.000495 1
0.000642 1
0.000439 1
0.000205 1
0.000440 1
0.000885 1
0.000309 1
0.000174 1
0.000194 1
0.000663 1
0.000529 1
0.000454 2
0.000467 1
0.000665 1
0.000550 1
0.000487 1
0.000651 1
0.000372 1
0.000418 1
0.000477 1
0.000483 7
0.002948 1
0.000111 1
0.000491 1
0.000094 1
0.000430 1
0.000482 1
0.000192 2
1.386361 23
0.641214 21
0.361060 20
0.000090 6
